23.12
23.12
23.12
23.12
23.12
23.12
23.12
23.06
23.06
23.06
23.06
23.06
23.06
23.06
23.06
23.06
23.06
23.06
23.06
23.06
23.06
23.06
23.06
23.06
23.06
23.06
23.12
23.12
23.12
23.12
23.19
23.19
23.19
23.25
23.25
23.31
23.31
23.31
23.37
23.37
23.44
23.50
23.50
23.56
23.56
23.62
23.69
23.69
23.75
23.81
23.81
23.87
23.94
24.00
24.06
24.12
24.12
24.19
24.25
24.31
24.37
24.44
24.44
24.50
24.56
24.62
24.69
24.75
24.81
24.87
24.94
25.00
25.06
25.12
25.19
25.25
25.31
25.37
25.44
25.50
25.56
25.62
25.69
25.75
25.75
25.81
25.87
25.87
26.00
26.00
26.06
26.12
26.19
26.25
26.31
26.37
26.44
26.50
26.50
26.56
26.62
26.69
26.75
26.81
26.81
26.94
27.00
27.00
27.06
27.12
27.19
27.25
27.37
27.44
27.50
27.62
27.69
27.69
27.75
27.81
27.87
27.94
28.12
28.25
28.44
28.56
28.75
28.87
29.06
29.19
29.37
29.50
29.62
29.75
29.87
30.00
30.12
30.31
30.37
30.50
30.62
30.69
30.81
30.87
31.00
31.12
31.25
31.31
31.50
31.56
31.69
31.81
31.94
32.00
32.13
32.25
32.31
32.44
32.56
32.69
32.75
32.88
33.00
33.06
33.19
33.25
33.38
33.50
33.56
33.69
33.81
33.88
34.00
34.06
34.19
34.31
34.44
34.50
34.63
34.69
34.81
34.88
34.94
35.06
35.19
35.25
35.38
35.44
35.56
35.63
35.75
35.81
35.94
36.06
36.13
36.25
36.31
36.44
36.50
36.63
36.75
36.81
36.88
37.00
37.06
37.19
37.25
37.38
37.50
37.56
37.69
37.75
37.81
37.94
38.00
38.06
38.19
38.25
38.31
38.44
38.50
38.63
38.69
38.81
38.88
38.94
39.06
39.13
39.25
39.31
39.38
39.50
39.56
39.63
39.75
39.81
39.94
40.00
40.06
40.13
40.25
40.31
40.44
40.50
40.56
40.63
40.75
40.81
40.88
41.00
41.06
41.13
41.19
41.25
41.38
41.44
41.50
41.63
41.69
41.75
41.81
41.94
42.00
42.06
42.13
42.25
42.31
42.38
42.44
42.50
42.56
42.63
42.69
42.81
42.88
42.94
43.00
43.06
43.13
43.19
43.25
43.31
43.38
43.50
43.56
43.63
43.69
43.75
43.81
43.94
44.00
44.00
44.06
44.13
44.19
44.25
44.31
44.44
44.50
44.56
44.56
44.63
44.69
44.75
44.88
44.94
45.00
45.06
45.13
45.19
45.25
45.38
45.44
45.50
45.56
45.63
45.75
45.75
45.88
45.94
46.00
46.13
46.19
46.25
46.31
46.38
46.38
46.50
46.56
46.63
46.63
46.69
46.81
46.88
46.94
47.00
47.06
47.13
47.19
47.25
47.31
47.44
47.50
47.56
47.63
47.69
47.75
47.81
47.88
47.94
48.00
48.06
48.06
48.06
48.13
48.19
48.19
48.25
48.25
48.31
48.31
48.38
48.44
48.44
48.50
48.56
48.63
48.63
48.69
48.75
48.81
48.88
48.94
49.00
49.00
49.06
49.13
49.19
49.25
49.25
49.31
49.38
49.44
49.50
49.56
49.56
49.63
49.69
49.69
49.81
49.88
49.94
50.00
50.06
50.13
50.19
50.25
50.31
50.38
50.44
50.50
50.56
50.56
50.63
50.69
50.75
50.81
50.88
50.94
51.00
51.06
51.13
51.19
51.19
51.25
51.31
51.38
51.44
51.50
51.56
51.63
51.63
51.69
51.69
51.75
51.81
51.81
51.88
51.94
51.94
52.00
52.00
52.06
52.13
52.13
52.19
52.25
52.31
52.38
52.38
52.44
52.50
52.56
52.56
52.63
52.75
52.75
52.81
52.88
52.94
52.94
53.00
53.06
53.13
53.19
53.25
53.25
53.31
53.38
53.44
53.50
53.50
53.50
53.56
53.63
53.63
53.63
53.69
53.75
53.81
53.81
53.88
53.94
54.00
54.06
54.13
54.19
54.25
54.31
54.31
54.38
54.44
54.44
54.44
54.50
54.50
54.50
54.50
54.50
54.56
54.56
54.56
54.56
54.63
54.69
54.69
54.75
54.75
54.69
54.63
54.56
54.50
54.44
54.44
54.38
54.31
54.31
54.25
54.25
54.19
54.19
54.19
54.19
54.19
54.19
54.19
54.13
54.13
54.13
54.13
54.13
54.13
54.13
54.19
54.13
54.19
54.19
54.19
54.19
54.19
54.19
54.25
54.25
54.31
54.31
54.31
54.38
54.38
54.38
54.38
54.44
54.44
54.44
54.50
54.50
54.56
54.56
54.63
54.69
54.69
54.75
54.75
54.75
54.75
54.81
54.81
54.81
54.75
54.81
54.81
54.81
54.88
54.88
54.94
54.94
54.94
55.00
55.00
55.00
55.06
55.06
55.06
55.06
55.06
55.06
55.06
55.06
55.06
55.06
55.13
55.13
55.19
55.25
55.25
55.25
55.31
55.31
55.38
55.38
55.44
55.44
55.50
55.56
55.56
55.63
55.63
55.69
55.69
55.69
55.75
55.81
55.81
55.88
55.88
55.94
55.94
56.00
56.00
56.06
56.06
56.13
56.13
56.19
56.19
56.19
56.25
56.25
56.25
56.25
56.31
56.31
56.31
56.38
56.38
56.38
56.44
56.44
56.50
56.50
56.50
56.50
56.56
56.56
56.56
56.63
56.63
56.69
56.69
56.75
56.75
56.81
56.81
56.88
56.88
56.94
57.00
57.00
57.00
57.00
57.00
57.00
57.00
57.00
57.00
57.00
57.06
57.06
57.13
57.19
57.19
57.25
57.25
57.31
57.31
57.31
57.31
57.31
57.31
57.38
57.38
57.38
57.38
57.44
57.44
57.50
57.50
57.50
57.50
57.56
57.56
57.56
57.63
57.63
57.69
57.69
57.69
57.75
57.75
57.75
57.75
57.81
57.81
57.81
57.88
57.94
57.94
57.94
57.94
58.00
58.00
58.06
58.06
58.06
58.06
58.13
58.13
58.13
58.19
58.19
58.25
58.25
58.31
58.31
58.25
58.25
58.25
58.25
58.25
58.19
58.13
58.06
58.06
58.06
58.06
58.06
58.06
58.06
58.13
58.06
58.13
58.13
58.13
58.13
58.13
58.13
58.13
58.13
58.13
58.19
58.13
58.19
58.19
58.19
58.19
58.25
58.25
58.25
58.25
58.31
58.31
58.31
58.31
58.31
58.31
58.31
58.31
58.31
58.31
58.38
58.38
58.38
58.38
58.38
58.38
58.38
58.38
58.38
58.38
58.38
58.38
58.44
58.44
58.44
58.44
58.50
58.50
58.50
58.50
58.44
58.44
58.50
58.44
58.44
58.44
58.44
58.44
58.44
58.50
58.50
58.50
58.50
58.50
58.56
58.56
58.56
58.56
58.56
58.56
58.56
58.56
58.56
58.56
58.56
58.63
58.63
58.69
58.69
58.75
58.75
58.75
58.75
58.81
58.75
58.75
58.75
58.75
58.75
58.81
58.81
58.81
58.81
58.81
58.81
58.81
58.81
58.81
58.81
58.75
58.75
58.69
58.75
58.75
58.75
58.75
58.81
58.81
58.81
58.81
58.81
58.81
58.81
58.81
58.81
58.88
58.88
58.88
58.94
58.94
58.88
58.88
58.88
58.94
58.94
58.94
58.94
59.00
59.00
59.00
59.00
59.00
59.00
59.00
59.00
59.00
58.94
58.94
59.00
59.00
59.00
59.00
59.00
59.00
59.00
59.00
59.00
59.00
59.00
58.94
58.88
58.81
58.81
58.81
58.75
58.75
58.69
58.69
58.63
58.63
58.63
58.63
58.63
58.69
58.69
58.69
58.75
58.75
58.81
58.81
58.88
58.88
58.88
58.88
58.88
58.88
58.94
58.94
58.94
58.94
58.94
58.94
58.94
58.94
58.88
58.88
58.81
58.81
58.81
58.81
58.81
58.88
58.88
58.88
58.88
58.88
58.88
58.88
58.88
58.94
58.94
58.94
58.94
58.94
58.94
58.94
58.94
59.00
59.00
59.00
59.00
59.00
59.00
59.00
59.06
59.06
59.06
59.06
59.13
59.13
59.06
59.06
59.06
59.06
59.06
59.00
59.00
59.00
59.06
59.06
59.06
59.13
59.13
59.19
59.19
59.19
59.19
59.25
59.25
59.25
59.25
59.31
59.25
59.31
59.31
59.31
59.31
59.31
59.25
59.31
59.31
59.31
59.38
59.38
59.38
59.38
59.38
59.38
59.38
59.38
59.31
59.31
59.31
59.31
59.31
59.31
59.31
59.31
59.31
59.31
59.38
59.38
59.31
59.38
59.38
59.38
59.38
59.44
59.44
59.44
59.44
59.38
59.38
59.38
59.38
59.38
59.38
59.31
59.25
59.19
59.13
59.06
59.06
59.00
58.94
58.88
58.81
58.81
58.75
58.69
58.63
58.63
58.56
58.56
58.56
58.56
58.56
58.56
58.56
58.56
58.56
58.56
58.50
58.50
58.50
58.50
58.56
58.50
58.50
58.50
58.50
58.56
58.56
58.56
58.50
58.50
58.50
58.50
58.50
58.56
58.56
58.56
58.56
58.50
58.50
58.50
58.44
58.44
58.38
58.38
58.38
58.44
58.50
58.50
58.50
58.50
58.50
58.56
58.56
58.56
58.63
58.63
58.69
58.69
58.69
58.69
58.69
58.69
58.75
58.75
58.81
58.81
58.81
58.88
58.88
58.88
58.88
58.94
58.94
58.94
58.94
58.81
58.75
58.75
58.75
58.75
58.75
58.75
58.81
58.75
58.81
58.81
58.81
58.81
58.81
58.81
58.81
58.81
58.81
58.88
58.88
58.88
58.81
58.81
58.81
58.81
58.75
58.75
58.75
58.81
58.81
58.88
58.81
58.88
58.88
58.94
58.94
58.88
58.88
58.81
58.81
58.75
58.75
58.75
58.69
58.69
58.69
58.69
58.69
58.75
58.75
58.75
58.75
58.81
58.81
58.81
58.81
58.81
58.81
58.81
58.81
58.75
58.75
58.69
58.69
58.69
58.63
58.56
58.56
58.56
58.50
58.50
58.50
58.50
58.50
58.50
58.44
58.38
58.38
58.38
58.38
Initializing SD card...initialization done.
57.56
57.50
57.50
57.44
57.38
57.31
57.31
57.25
57.19
57.13
57.06
57.06
57.00
56.94
56.94
56.94
56.88
56.88
56.81
56.81
56.75
56.75
56.69
56.63
56.63
56.56
56.56
56.56
56.50
56.50
56.44
56.31
56.31
56.25
56.19
56.19
56.13
56.13
56.06
56.00
55.94
55.88
55.81
55.81
55.75
55.69
55.63
55.63
55.56
55.56
55.50
55.44
55.44
55.31
55.31
55.25
55.19
55.13
55.13
55.06
55.00
54.94
54.88
54.81
54.75
54.69
54.63
54.56
54.50
54.44
54.44
54.31
54.25
54.25
54.19
54.13
54.06
54.00
53.94
53.88
53.81
53.69
53.63
53.50
53.44
53.38
53.31
53.25
53.19
53.13
53.00
52.94
52.88
52.75
52.69
52.63
52.56
52.44
52.38
52.31
52.25
52.19
52.13
52.06
52.00
52.00
51.88
51.81
51.75
51.69
51.63
51.56
51.50
51.44
51.38
51.31
51.19
51.13
51.06
51.00
50.88
50.81
50.75
50.69
50.56
50.56
50.44
50.38
50.31
50.19
50.13
50.06
50.00
49.94
49.81
49.75
49.69
49.56
49.50
49.44
49.38
49.31
49.25
49.13
49.06
49.00
48.94
48.88
48.81
48.75
48.69
48.63
48.50
48.44
48.38
48.31
48.25
48.25
48.19
48.13
48.06
48.00
47.88
47.81
47.75
47.69
47.63
47.56
47.50
47.44
47.38
47.31
47.25
47.19
47.06
47.00
46.88
46.81
46.75
46.69
46.63
46.56
46.50
46.44
46.44
46.31
46.25
46.25
46.19
46.13
46.06
45.94
45.88
45.81
45.69
45.63
45.56
45.50
45.44
45.44
45.31
45.25
45.19
45.13
45.06
45.00
44.88
44.81
44.75
44.69
44.63
44.50
44.44
44.38
44.31
44.25
44.19
44.06
44.00
43.88
43.81
43.81
43.75
43.69
43.63
43.56
43.50
43.50
43.44
43.38
43.31
43.25
43.25
43.19
43.13
43.06
43.00
42.94
42.81
42.75
42.69
42.63
42.50
42.44
42.38
42.31
42.25
42.13
42.13
42.06
42.00
41.94
41.88
41.81
41.75
41.69
41.63
41.50
41.44
41.38
41.31
41.31
41.25
41.19
41.13
41.06
41.00
41.00
40.94
40.88
40.81
40.75
40.75
40.63
40.56
40.50
40.50
40.38
40.31
40.25
40.19
40.13
40.06
40.00
39.94
39.88
39.81
39.75
39.69
39.63
39.56
39.56
39.50
39.44
39.38
39.38
39.31
39.25
39.19
39.13
39.13
39.00
38.94
38.94
38.88
38.81
38.75
38.69
38.63
38.56
38.50
38.50
38.44
38.38
38.31
38.31
38.25
38.19
38.13
38.06
38.06
38.00
37.94
37.88
37.81
37.81
37.75
37.69
37.63
37.56
37.56
37.44
37.44
37.38
37.31
37.25
37.25
37.19
37.13
37.13
37.06
37.00
37.00
36.94
36.88
36.81
36.81
36.75
36.69
36.69
36.63
36.56
36.56
36.50
36.44
36.38
36.38
36.31
36.25
36.25
36.19
36.13
36.06
36.06
36.00
35.94
35.94
35.88
35.81
35.75
35.75
35.69
35.63
35.63
35.56
35.50
35.50
35.44
35.38
35.38
35.31
35.25
35.25
35.19
35.13
35.13
35.06
35.00
35.00
34.94
34.88
34.81
34.81
34.75
34.69
34.63
34.63
34.56
34.50
34.44
34.38
34.38
34.38
34.31
34.25
34.25
34.19
34.19
34.13
34.06
34.00
34.00
33.94
33.94
33.88
33.88
33.81
33.75
33.75
33.69
33.63
33.63
33.56
33.56
33.50
33.44
33.44
33.38
33.31
33.31
33.25
33.19
33.19
33.13
33.13
33.06
33.06
33.00
33.00
32.94
32.88
32.88
32.81
32.75
32.75
32.69
32.63
32.63
32.56
32.50
32.44
32.44
32.38
32.31
32.31
32.25
32.25
32.19
32.19
32.13
32.06
32.06
32.00
31.94
31.94
31.87
31.87
31.87
31.81
31.81
31.81
31.75
31.75
31.69
31.69
31.62
31.62
31.62
31.56
31.56
31.50
31.50
31.44
31.44
31.37
31.37
31.31
31.25
31.25
31.25
31.19
31.12
31.12
31.12
31.06
31.00
31.00
30.94
30.94
30.87
30.87
30.87
30.81
30.81
30.75
30.75
30.69
30.69
30.62
30.62
30.56
30.56
30.50
30.50
30.44
30.44
30.44
30.37
30.37
30.37
30.31
30.31
30.25
30.25
30.25
30.19
30.19
30.12
30.12
30.06
30.06
30.00
